      0/99     3.14G   0.09265   0.04658   0.06971    0.2089        17       640 0.0009418   0.01635 8.081e-05 1.378e-05   0.08915   0.02955   0.06312
      1/99     3.17G   0.08521   0.04826   0.06382    0.1973        16       640    0.5621    0.0315  0.003139 0.0006196   0.07857   0.03172   0.05942
      2/99     3.17G   0.07239    0.0499   0.06058    0.1829        21       640    0.1929    0.0829    0.0197  0.004605   0.06965   0.02991     0.056
      3/99     3.17G   0.06538   0.04785   0.05698    0.1702        33       640    0.2636    0.1729   0.06951   0.02169   0.06261   0.02966   0.04953
      4/99     3.17G   0.06198   0.04686   0.05273    0.1616        13       640    0.2547    0.2219    0.1202   0.04128   0.05929   0.02851   0.04498
      5/99     3.17G   0.06027   0.04727   0.04938    0.1569        11       640    0.2294     0.234    0.1344   0.04909   0.05709   0.02868    0.0409
      6/99     3.17G   0.05835   0.04574    0.0467    0.1508        16       640    0.3432    0.2592    0.1886   0.06753   0.05684   0.02741   0.03915
      7/99     3.17G   0.05744   0.04559   0.04495     0.148        10       640    0.3387    0.2903    0.2262   0.08448   0.05494   0.02734   0.03601
      8/99     3.17G   0.05629   0.04536   0.04288    0.1445        21       640    0.3157    0.3229    0.2429   0.09657   0.05346   0.02719   0.03387
      9/99     3.17G   0.05512    0.0445   0.04129    0.1409        18       640    0.3531    0.3282    0.2745    0.1139   0.05235   0.02682   0.03149
     10/99     3.17G   0.05483   0.04462   0.04028    0.1397        15       640    0.4037    0.3454    0.2991    0.1276   0.05128   0.02641   0.03024
     11/99     3.17G   0.05385    0.0442    0.0389    0.1369        19       640    0.3959    0.3755    0.3266    0.1401   0.05048   0.02612   0.02806
     12/99     3.17G   0.05361   0.04386   0.03783    0.1353        19       640    0.3928       0.4    0.3487    0.1476    0.0499    0.0262   0.02702
     13/99     3.17G   0.05279   0.04304   0.03677    0.1326        11       640    0.4383    0.3944      0.37    0.1618   0.04904   0.02577   0.02588
     14/99     3.17G   0.05278   0.04347   0.03603    0.1323        15       640    0.4519    0.4136    0.3929    0.1783   0.04845    0.0257    0.0244
     15/99     3.17G   0.05196   0.04327   0.03556    0.1308        32       640    0.4537    0.4243    0.3965    0.1783     0.048   0.02564   0.02347
     16/99     3.17G   0.05162   0.04298   0.03408    0.1287        22       640    0.4598    0.4405    0.4217    0.1943   0.04745   0.02549   0.02268
     17/99     3.17G   0.05097   0.04267   0.03357    0.1272        27       640     0.474    0.4618    0.4388     0.207   0.04696    0.0251    0.0217
     18/99     3.17G    0.0511   0.04258   0.03308    0.1268        46       640     0.496    0.4416    0.4407    0.2079   0.04654   0.02495    0.0213
     19/99     3.17G   0.05043   0.04252    0.0326    0.1255        14       640     0.531    0.4494    0.4662    0.2247   0.04608   0.02477   0.02029
     20/99     3.17G   0.05023   0.04254   0.03151    0.1243        20       640     0.532    0.4747    0.4814     0.236   0.04515   0.02464   0.01939
     21/99     3.17G   0.04972   0.04216   0.03085    0.1227        21       640    0.5703    0.4654    0.4978    0.2465   0.04476   0.02461   0.01896
     22/99     3.17G   0.04946   0.04199   0.03027    0.1217        12       640     0.577    0.4754    0.5049    0.2499   0.04442   0.02426   0.01877
     23/99     3.17G   0.04882   0.04159   0.02964    0.1201        16       640    0.5923    0.4733    0.5205    0.2606   0.04384   0.02397   0.01788
     24/99     3.17G   0.04886   0.04204   0.02908      0.12        31       640    0.5805    0.4977    0.5237    0.2646   0.04359   0.02403   0.01741
     25/99     3.17G   0.04866   0.04135   0.02941    0.1194        29       640    0.5821    0.4974    0.5296    0.2699   0.04348   0.02391   0.01685
     26/99     3.17G    0.0482   0.04134    0.0289    0.1184        25       640    0.5977    0.5082    0.5389    0.2785   0.04291   0.02382   0.01646
     27/99     3.17G   0.04832   0.04132   0.02812    0.1178        19       640    0.6045     0.508    0.5524    0.2845   0.04256   0.02358   0.01594
     28/99     3.17G   0.04815   0.04111   0.02779    0.1171        19       640    0.5854    0.5399    0.5547    0.2868   0.04247    0.0235   0.01575
     29/99     3.17G   0.04751   0.04082   0.02764     0.116        29       640     0.611    0.5376    0.5722    0.3015   0.04185   0.02334   0.01508
     30/99     3.17G   0.04718   0.04039   0.02694    0.1145        14       640    0.6349    0.5417    0.5798    0.3071   0.04148   0.02306   0.01465
     31/99     3.17G   0.04715   0.04083   0.02671    0.1147        11       640    0.6112    0.5519    0.5866     0.313   0.04124   0.02317   0.01418
     32/99     3.17G   0.04696   0.04049   0.02607    0.1135        19       640    0.6511    0.5539    0.5994    0.3232   0.04066   0.02305   0.01355
     33/99     3.17G   0.04663    0.0403   0.02627    0.1132        15       640    0.6563    0.5541    0.6049    0.3235   0.04061   0.02286   0.01339
     34/99     3.17G   0.04641   0.04026   0.02555    0.1122        28       640    0.6963    0.5457    0.6177    0.3325   0.04027   0.02268   0.01286
     35/99     3.17G   0.04624   0.03996   0.02539    0.1116        17       640    0.6743    0.5593    0.6182    0.3368   0.03992   0.02255   0.01283
     36/99     3.17G   0.04602   0.04018   0.02527    0.1115        16       640    0.6744    0.5798    0.6337    0.3478   0.03947   0.02245   0.01214
     37/99     3.17G   0.04583   0.03971   0.02451    0.1101        24       640    0.6951    0.5771    0.6439    0.3546   0.03924   0.02234    0.0119
     38/99     3.17G   0.04594   0.03995   0.02475    0.1106        37       640    0.6576    0.6036    0.6428    0.3564   0.03914   0.02224   0.01179
     39/99     3.17G   0.04529    0.0399   0.02448    0.1097        21       640    0.6728    0.5993     0.648    0.3606   0.03885   0.02215   0.01142
     40/99     3.17G   0.04562    0.0396   0.02414    0.1094        20       640    0.6935     0.588    0.6552    0.3662   0.03862   0.02202   0.01103
     41/99     3.17G   0.04516   0.04003   0.02375    0.1089        20       640    0.7055    0.5948     0.663    0.3736   0.03832   0.02191   0.01092
     42/99     3.17G   0.04519   0.03924   0.02321    0.1076        12       640    0.7057    0.5972    0.6679    0.3793   0.03804   0.02179   0.01045
     43/99     3.17G   0.04474   0.03968    0.0234    0.1078        23       640     0.739    0.6003    0.6775    0.3857   0.03776   0.02169   0.01031
     44/99     3.17G   0.04463   0.03964   0.02287    0.1071        17       640    0.7179    0.6168    0.6822    0.3881   0.03767    0.0216  0.009903
     45/99     3.17G   0.04442   0.03965   0.02286    0.1069        13       640    0.7199    0.6236    0.6868    0.3909   0.03747   0.02158  0.009743
     46/99     3.17G   0.04414   0.03891   0.02229    0.1053        18       640    0.7406    0.6154    0.6912    0.3968   0.03725   0.02142  0.009495
     47/99     3.17G   0.04406   0.03891   0.02245    0.1054        14       640    0.7266    0.6283    0.6965    0.3997   0.03713   0.02129   0.00935
     48/99     3.17G   0.04402   0.03901   0.02244    0.1055        24       640    0.7453    0.6276    0.7059    0.4067   0.03689    0.0212  0.009156
     49/99     3.17G   0.04379   0.03897   0.02179    0.1045        21       640    0.7468    0.6306    0.7083    0.4095   0.03678   0.02117  0.009068
     50/99     3.17G    0.0439   0.03893   0.02158    0.1044        19       640     0.732    0.6503    0.7171    0.4169   0.03662   0.02107  0.008759
     51/99     3.17G   0.04342   0.03923   0.02119    0.1038        19       640    0.7424    0.6453    0.7196    0.4201   0.03636   0.02094  0.008494
     52/99     3.17G   0.04314   0.03871   0.02126    0.1031        41       640    0.7364    0.6616    0.7274    0.4277   0.03611   0.02079  0.008201
     53/99     3.17G   0.04297   0.03796   0.02099    0.1019        16       640    0.7446    0.6597    0.7313    0.4301   0.03589   0.02072  0.007994
     54/99     3.17G   0.04308   0.03851   0.02036    0.1019         7       640     0.744    0.6695    0.7359    0.4336   0.03576   0.02066  0.007701
     55/99     3.17G   0.04278   0.03807   0.02022    0.1011        27       640    0.7698    0.6554      0.74     0.438   0.03558   0.02057   0.00761
     56/99     3.17G   0.04258   0.03807   0.02052    0.1012        17       640    0.7674    0.6609    0.7432    0.4404   0.03552   0.02051  0.007531
     57/99     3.17G   0.04244   0.03823   0.01987    0.1005        31       640    0.7482    0.6772    0.7467     0.444   0.03539   0.02042  0.007386
     58/99     3.17G   0.04242   0.03802   0.02006    0.1005        28       640    0.7632    0.6745    0.7504    0.4496   0.03521   0.02031  0.007206
     59/99     3.17G   0.04209   0.03777   0.01948   0.09934        30       640    0.7643    0.6804    0.7573    0.4551   0.03503   0.02023  0.007074
     60/99     3.17G   0.04195   0.03777   0.01934   0.09907        14       640    0.7789    0.6738    0.7595     0.458   0.03488   0.02016  0.006932
     61/99     3.17G   0.04173   0.03802   0.01918   0.09892        16       640    0.7661    0.6854    0.7613    0.4607   0.03476   0.02011  0.006856
     62/99     3.17G   0.04175   0.03779   0.01896   0.09851        23       640    0.7791    0.6771    0.7642    0.4626   0.03461   0.02003  0.006737
     63/99     3.17G    0.0416   0.03754   0.01889   0.09804        18       640    0.7689     0.689    0.7676    0.4658   0.03451   0.01996  0.006619
     64/99     3.17G   0.04163   0.03786   0.01833   0.09783        13       640    0.7568    0.7009    0.7719    0.4683   0.03435   0.01987  0.006467
     65/99     3.17G   0.04104    0.0376   0.01827   0.09691        23       640    0.7566    0.7084    0.7752    0.4711   0.03422   0.01981  0.006315
     66/99     3.17G   0.04148   0.03774   0.01814   0.09737        21       640    0.7633    0.7064     0.778    0.4747    0.0341   0.01974  0.006211
     67/99     3.17G   0.04104   0.03692    0.0178   0.09575        15       640      0.78    0.6998     0.782    0.4779   0.03398   0.01966  0.006085
     68/99     3.17G   0.04098   0.03707   0.01784    0.0959        17       640    0.7948     0.698    0.7869    0.4818   0.03386   0.01958  0.005949
     69/99     3.17G   0.04074   0.03715   0.01781   0.09569        27       640    0.7836    0.7111    0.7908    0.4845   0.03376   0.01952  0.005841
     70/99     3.17G   0.04079    0.0373   0.01749   0.09558        17       640    0.7803    0.7218    0.7939    0.4877   0.03361   0.01946  0.005715
     71/99     3.17G   0.04042   0.03666   0.01703   0.09412        11       640    0.7853    0.7194    0.7967    0.4901   0.03349    0.0194  0.005607
     72/99     3.17G   0.04029   0.03692   0.01682   0.09402        15       640    0.7832    0.7292    0.7996    0.4928   0.03336   0.01934  0.005505
     73/99     3.17G   0.04002   0.03687    0.0172   0.09408        12       640    0.7852    0.7311    0.8026    0.4962   0.03326   0.01928  0.005426
     74/99     3.17G   0.04013   0.03692     0.017   0.09405        21       640    0.7879    0.7321    0.8037     0.498   0.03317   0.01924  0.005364
     75/99     3.17G   0.04013   0.03624   0.01673   0.09311        22       640     0.793    0.7322    0.8053    0.4996   0.03309   0.01919  0.005282
     76/99     3.17G   0.03982   0.03648   0.01693   0.09323        18       640    0.7992    0.7327    0.8074    0.5016     0.033   0.01914  0.005201
     77/99     3.17G   0.03985   0.03643    0.0163   0.09257        11       640    0.7967     0.738    0.8101    0.5041   0.03291    0.0191  0.005118
     78/99     3.17G    0.0396   0.03639   0.01599   0.09198        20       640    0.8007    0.7353    0.8121    0.5064   0.03282   0.01905  0.005034
     79/99     3.17G     0.039   0.03607   0.01606   0.09112        34       640    0.8111    0.7303    0.8149    0.5096   0.03273     0.019  0.004958
     80/99     3.17G   0.03912   0.03597   0.01625   0.09134        17       640    0.8096    0.7349    0.8162    0.5117   0.03266   0.01895    0.0049
     81/99     3.17G   0.03919   0.03603   0.01575   0.09097        23       640    0.8124    0.7359    0.8176    0.5129    0.0326    0.0189  0.004831
     82/99     3.17G    0.0392   0.03617   0.01574   0.09111        12       640    0.8097    0.7407      0.82    0.5152   0.03253   0.01885  0.004763
     83/99     3.17G    0.0387   0.03579    0.0153    0.0898        16       640    0.8067    0.7456    0.8214     0.517   0.03246   0.01881  0.004699
     84/99     3.17G   0.03876   0.03601   0.01545   0.09022        39       640    0.8079    0.7484    0.8236    0.5185   0.03238   0.01877   0.00464
     85/99     3.17G   0.03865   0.03566   0.01494   0.08925        27       640    0.8119    0.7477    0.8252    0.5207   0.03231   0.01873  0.004583
     86/99     3.17G   0.03846   0.03568   0.01494   0.08909        23       640    0.8268    0.7387    0.8265    0.5224   0.03225   0.01869  0.004531
     87/99     3.17G   0.03846   0.03539   0.01491   0.08876        14       640    0.8254    0.7429    0.8279    0.5235   0.03218   0.01865   0.00448
     88/99     3.17G   0.03841   0.03509    0.0148    0.0883        16       640    0.8139    0.7539    0.8295    0.5253   0.03212   0.01861  0.004431
     89/99     3.17G   0.03832   0.03514   0.01463   0.08809        14       640    0.8164    0.7552    0.8313    0.5268   0.03207   0.01857  0.004382
     90/99     3.17G   0.03791   0.03504   0.01459   0.08754        13       640    0.8166    0.7572    0.8326    0.5281   0.03201   0.01854  0.004334
     91/99     3.17G     0.038   0.03521   0.01442   0.08763        22       640    0.8203    0.7556    0.8339    0.5304   0.03196    0.0185  0.004288
     92/99     3.17G   0.03793   0.03507   0.01421   0.08721        12       640    0.8267    0.7519    0.8355    0.5314   0.03191   0.01847  0.004249
     93/99     3.17G   0.03795   0.03516   0.01414   0.08724        17       640    0.8298     0.752    0.8368    0.5325   0.03186   0.01844  0.004208
     94/99     3.17G   0.03811   0.03508   0.01426   0.08745        24       640    0.8249    0.7575    0.8375    0.5337   0.03181   0.01841  0.004164
     95/99     3.17G   0.03797   0.03529   0.01387   0.08712        20       640     0.833    0.7527    0.8387    0.5347   0.03176   0.01838  0.004123
     96/99     3.17G   0.03761   0.03522   0.01369   0.08653        11       640    0.8298    0.7571    0.8401    0.5364   0.03172   0.01835  0.004083
     97/99     3.17G   0.03749    0.0346   0.01388   0.08596        19       640    0.8366    0.7538    0.8415    0.5376   0.03167   0.01832  0.004046
     98/99     3.17G   0.03759   0.03505   0.01403   0.08666        37       640    0.8394    0.7537    0.8426     0.539   0.03162   0.01829  0.004009
     99/99     3.17G   0.03743   0.03463   0.01369   0.08574        14       640    0.8389    0.7549    0.8436    0.5397   0.03158   0.01827  0.003973
